0.4, -0.95, 0.1
0.4, -0.9, 0.1
0.4, -0.85, 0.1
0.4, -0.8, 0.1
0.4, -0.75, 0.1
0.4, -0.7, 0.1
0.4, -0.65, 0.1
0.4, -0.6, 0.1
0.4, -0.55, 0.1
0.4, -0.5, 0.1
0.4, -0.45, 0.1
0.4, -0.4, 0.1
0.4, -0.35, 0.1
0.4, -0.3, 0.1
0.4, -0.25, 0.1
0.4, -0.2, 0.1
0.4, -0.15, 0.1
0.4, -0.1, 0.1
0.4, -0.05, 0.1
0.4, 7.63278e-16, 0.1
0.4, 0.05, 0.1
0.4, 0.1, 0.1
0.4, 0.15, 0.1
0.4, 0.2, 0.1
0.4, 0.25, 0.1
0.4, 0.3, 0.1
0.45, -0.95, 0.1
0.45, -0.9, 0.1
0.45, -0.85, 0.1
0.45, -0.8, 0.1
0.45, -0.75, 0.1
0.45, -0.7, 0.1
0.45, -0.65, 0.1
0.45, -0.6, 0.1
0.45, -0.55, 0.1
0.45, -0.5, 0.1
0.45, -0.45, 0.1
0.45, -0.4, 0.1
0.45, -0.35, 0.1
0.45, -0.3, 0.1
0.45, -0.25, 0.1
0.45, -0.2, 0.1
0.45, -0.15, 0.1
0.45, -0.1, 0.1
0.45, -0.05, 0.1
0.45, 7.63278e-16, 0.1
0.45, 0.05, 0.1
0.45, 0.1, 0.1
0.45, 0.15, 0.1
0.45, 0.2, 0.1
0.45, 0.25, 0.1
0.45, 0.3, 0.1
0.45, 0.35, 0.1
0.5, -0.9, 0.1
0.5, -0.85, 0.1
0.5, -0.8, 0.1
0.5, -0.75, 0.1
0.5, -0.7, 0.1
0.5, -0.65, 0.1
0.5, -0.6, 0.1
0.5, -0.55, 0.1
0.5, -0.5, 0.1
0.5, -0.45, 0.1
0.5, -0.4, 0.1
0.5, -0.35, 0.1
0.5, -0.3, 0.1
0.5, -0.25, 0.1
0.5, -0.2, 0.1
0.5, -0.15, 0.1
0.5, -0.1, 0.1
0.5, -0.05, 0.1
0.5, 7.63278e-16, 0.1
0.5, 0.05, 0.1
0.5, 0.1, 0.1
0.5, 0.15, 0.1
0.5, 0.2, 0.1
0.5, 0.25, 0.1
0.5, 0.3, 0.1
0.5, 0.35, 0.1
0.55, -0.9, 0.1
0.55, -0.85, 0.1
0.55, -0.8, 0.1
0.55, -0.75, 0.1
0.55, -0.7, 0.1
0.55, -0.65, 0.1
0.55, -0.6, 0.1
0.55, -0.55, 0.1
0.55, -0.5, 0.1
0.55, -0.45, 0.1
0.55, -0.4, 0.1
0.55, -0.35, 0.1
0.55, -0.3, 0.1
0.55, -0.25, 0.1
0.55, -0.2, 0.1
0.55, -0.15, 0.1
0.55, -0.1, 0.1
0.55, -0.05, 0.1
0.55, 7.63278e-16, 0.1
0.55, 0.05, 0.1
0.55, 0.1, 0.1
0.55, 0.15, 0.1
0.55, 0.2, 0.1
0.55, 0.25, 0.1
0.55, 0.3, 0.1
0.55, 0.35, 0.1
0.6, -0.85, 0.1
0.6, -0.8, 0.1
0.6, -0.75, 0.1
0.6, -0.7, 0.1
0.6, -0.65, 0.1
0.6, -0.6, 0.1
0.6, -0.55, 0.1
0.6, -0.5, 0.1
0.6, -0.45, 0.1
0.6, -0.4, 0.1
0.6, -0.35, 0.1
0.6, -0.3, 0.1
0.6, -0.25, 0.1
0.6, -0.2, 0.1
0.6, -0.15, 0.1
0.6, -0.1, 0.1
0.6, -0.05, 0.1
0.6, 7.63278e-16, 0.1
0.6, 0.05, 0.1
0.6, 0.1, 0.1
0.6, 0.15, 0.1
0.6, 0.2, 0.1
0.6, 0.25, 0.1
0.6, 0.3, 0.1
0.65, -0.8, 0.1
0.65, -0.75, 0.1
0.65, -0.7, 0.1
0.65, -0.65, 0.1
0.65, -0.6, 0.1
0.65, -0.55, 0.1
0.65, -0.5, 0.1
0.65, -0.45, 0.1
0.65, -0.4, 0.1
0.65, -0.35, 0.1
0.65, -0.3, 0.1
0.65, -0.25, 0.1
0.65, -0.2, 0.1
0.65, -0.15, 0.1
0.65, -0.1, 0.1
0.65, -0.05, 0.1
0.65, 7.63278e-16, 0.1
0.65, 0.05, 0.1
0.65, 0.1, 0.1
0.65, 0.15, 0.1
0.65, 0.2, 0.1
0.65, 0.25, 0.1
0.65, 0.3, 0.1
0.7, -0.75, 0.1
0.7, -0.7, 0.1
0.7, -0.65, 0.1
0.7, -0.6, 0.1
0.7, -0.55, 0.1
0.7, -0.5, 0.1
0.7, -0.45, 0.1
0.7, -0.4, 0.1
0.7, -0.35, 0.1
0.7, -0.3, 0.1
0.7, -0.25, 0.1
0.7, -0.2, 0.1
0.7, -0.15, 0.1
0.7, -0.1, 0.1
0.7, -0.05, 0.1
0.7, 7.63278e-16, 0.1
0.7, 0.05, 0.1
0.7, 0.1, 0.1
0.7, 0.15, 0.1
0.7, 0.2, 0.1
0.75, -0.65, 0.1
0.75, -0.6, 0.1
0.75, -0.55, 0.1
0.75, -0.5, 0.1
0.75, -0.45, 0.1
0.75, -0.4, 0.1
0.75, -0.35, 0.1
0.75, -0.3, 0.1
0.75, -0.25, 0.1
0.75, -0.2, 0.1
0.75, -0.15, 0.1
0.75, -0.1, 0.1
0.75, -0.05, 0.1
0.75, 7.63278e-16, 0.1
0.75, 0.05, 0.1
0.75, 0.1, 0.1
0.75, 0.15, 0.1
0.8, -0.55, 0.1
0.8, -0.5, 0.1
0.8, -0.45, 0.1
0.8, -0.4, 0.1
0.8, -0.35, 0.1
0.8, -0.3, 0.1
0.8, -0.25, 0.1
0.8, -0.2, 0.1
0.8, -0.15, 0.1
0.8, -0.1, 0.1
0.8, -0.05, 0.1
0.8, 7.63278e-16, 0.1
0.8, 0.05, 0.1
0.85, -0.45, 0.1
0.85, -0.4, 0.1
0.85, -0.35, 0.1
0.85, -0.3, 0.1
0.85, -0.25, 0.1
0.85, -0.2, 0.1
0.85, -0.15, 0.1
0.85, -0.1, 0.1
