-0.35, -0.1, -1.09989
-0.35, -0.05, -1.09989
-0.35, 7.63278e-16, -1.09989
-0.35, 0.05, -1.09989
-0.35, 0.1, -1.09989
-0.3, -0.2, -1.09989
-0.3, -0.15, -1.09989
-0.3, -0.1, -1.09989
-0.3, -0.05, -1.09989
-0.3, 7.63278e-16, -1.09989
-0.3, 0.05, -1.09989
-0.3, 0.1, -1.09989
-0.3, 0.15, -1.09989
-0.3, 0.2, -1.09989
-0.25, -0.25, -1.09989
-0.25, -0.2, -1.09989
-0.25, -0.15, -1.09989
-0.25, -0.1, -1.09989
-0.25, -0.05, -1.09989
-0.25, 7.63278e-16, -1.09989
-0.25, 0.05, -1.09989
-0.25, 0.1, -1.09989
-0.25, 0.15, -1.09989
-0.25, 0.2, -1.09989
-0.25, 0.25, -1.09989
-0.2, -0.3, -1.09989
-0.2, -0.25, -1.09989
-0.2, -0.2, -1.09989
-0.2, -0.15, -1.09989
-0.2, -0.1, -1.09989
-0.2, -0.05, -1.09989
-0.2, 7.63278e-16, -1.09989
-0.2, 0.05, -1.09989
-0.2, 0.1, -1.09989
-0.2, 0.15, -1.09989
-0.2, 0.2, -1.09989
-0.2, 0.25, -1.09989
-0.2, 0.3, -1.09989
-0.15, -0.3, -1.09989
-0.15, -0.25, -1.09989
-0.15, -0.2, -1.09989
-0.15, -0.15, -1.09989
-0.15, -0.1, -1.09989
-0.15, 0.1, -1.09989
-0.15, 0.15, -1.09989
-0.15, 0.2, -1.09989
-0.15, 0.25, -1.09989
-0.15, 0.3, -1.09989
-0.1, -0.35, -1.09989
-0.1, -0.3, -1.09989
-0.1, -0.25, -1.09989
-0.1, -0.2, -1.09989
-0.1, -0.15, -1.09989
-0.1, 0.15, -1.09989
-0.1, 0.2, -1.09989
-0.1, 0.25, -1.09989
-0.1, 0.3, -1.09989
-0.1, 0.35, -1.09989
-0.05, -0.35, -1.09989
-0.05, -0.3, -1.09989
-0.05, -0.25, -1.09989
-0.05, -0.2, -1.09989
-0.05, 0.2, -1.09989
-0.05, 0.25, -1.09989
-0.05, 0.3, -1.09989
-0.05, 0.35, -1.09989
7.63278e-16, -0.35, -1.09989
7.63278e-16, -0.3, -1.09989
7.63278e-16, -0.25, -1.09989
7.63278e-16, -0.2, -1.09989
7.63278e-16, 0.2, -1.09989
7.63278e-16, 0.25, -1.09989
7.63278e-16, 0.3, -1.09989
7.63278e-16, 0.35, -1.09989
0.05, -0.35, -1.09989
0.05, -0.3, -1.09989
0.05, -0.25, -1.09989
0.05, -0.2, -1.09989
0.05, 0.2, -1.09989
0.05, 0.25, -1.09989
0.05, 0.3, -1.09989
0.05, 0.35, -1.09989
0.1, -0.35, -1.09989
0.1, -0.3, -1.09989
0.1, -0.25, -1.09989
0.1, -0.2, -1.09989
0.1, -0.15, -1.09989
0.1, 0.15, -1.09989
0.1, 0.2, -1.09989
0.1, 0.25, -1.09989
0.1, 0.3, -1.09989
0.1, 0.35, -1.09989
0.15, -0.3, -1.09989
0.15, -0.25, -1.09989
0.15, -0.2, -1.09989
0.15, -0.15, -1.09989
0.15, -0.1, -1.09989
0.15, 0.1, -1.09989
0.15, 0.15, -1.09989
0.15, 0.2, -1.09989
0.15, 0.25, -1.09989
0.15, 0.3, -1.09989
0.2, -0.3, -1.09989
0.2, -0.25, -1.09989
0.2, -0.2, -1.09989
0.2, -0.15, -1.09989
0.2, -0.1, -1.09989
0.2, -0.05, -1.09989
0.2, 7.63278e-16, -1.09989
0.2, 0.05, -1.09989
0.2, 0.1, -1.09989
0.2, 0.15, -1.09989
0.2, 0.2, -1.09989
0.2, 0.25, -1.09989
0.2, 0.3, -1.09989
0.25, -0.25, -1.09989
0.25, -0.2, -1.09989
0.25, -0.15, -1.09989
0.25, -0.1, -1.09989
0.25, -0.05, -1.09989
0.25, 7.63278e-16, -1.09989
0.25, 0.05, -1.09989
0.25, 0.1, -1.09989
0.25, 0.15, -1.09989
0.25, 0.2, -1.09989
0.25, 0.25, -1.09989
0.3, -0.2, -1.09989
0.3, -0.15, -1.09989
0.3, -0.1, -1.09989
0.3, -0.05, -1.09989
0.3, 7.63278e-16, -1.09989
0.3, 0.05, -1.09989
0.3, 0.1, -1.09989
0.3, 0.15, -1.09989
0.3, 0.2, -1.09989
0.35, -0.1, -1.09989
0.35, -0.05, -1.09989
0.35, 7.63278e-16, -1.09989
0.35, 0.05, -1.09989
0.35, 0.1, -1.09989
